48

0
0.000000
0.000000
0.000000
0.000000
20.000000
-30.000000
0.000000
5.000000
0.000000
0.000000
0.000000
0.000000
0.000000
0.000000
0.000000
0.000000
9.000000
0.000000
0.000000
9.000000
0.000000
0.000000
0.000000
0.000000
0.000000
0.000000
0.000000
0.000000
0.000000
0.000000
0.000000
0.000000
0.000000
15.000000
0.000000
0.000000
0.000000
0.000000
0.000000
0.000000
9.000000
0.000000
0.000000
9.000000
0.000000
0.000000
0.000000
0.000000
0.000000
0.000000
0.000000
0.000000
0.000000
0.000000
0.000000
0.000000

1
1.000000
0.000000
0.000000
0.000000
20.000000
0.000000
0.000000
1.500000
-1.000000
0.000000
0.000000
-60.000000
0.000000
0.000000
0.000000
0.000000
9.000000
30.000000
0.000000
9.000000
30.000000
0.000000
0.000000
-12.000000
0.000000
0.000000
0.000000
0.000000
0.000000
0.000000
0.000000
-5.000000
0.000000
0.000000
0.000000
0.000000
0.000000
0.000000
0.000000
0.000000
0.000000
0.000000
0.000000
0.000000
0.000000
0.000000
0.000000
0.000000
0.000000
0.000000
0.000000
0.000000
0.000000
0.000000
0.000000
0.000000

2
2.000000
0.000000
0.000000
0.000000
20.000000
0.000000
0.000000
1.000000
-1.000000
0.000000
0.000000
-60.000000
0.000000
0.000000
0.000000
0.000000
9.000000
30.000000
0.000000
9.000000
-12.000000
0.000000
0.000000
30.000000
0.000000
0.000000
0.000000
0.000000
0.000000
0.000000
0.000000
-5.000000
0.000000
0.000000
0.000000
0.000000
0.000000
0.000000
0.000000
0.000000
0.000000
0.000000
0.000000
0.000000
0.000000
0.000000
0.000000
0.000000
0.000000
0.000000
0.000000
0.000000
0.000000
0.000000
0.000000
0.000000

3
3.000000
0.000000
0.000000
0.000000
20.000000
0.000000
0.000000
0.800000
-1.000000
0.000000
0.000000
-60.000000
0.000000
-40.000000
0.000000
0.000000
9.000000
-30.000000
0.000000
9.000000
30.000000
0.000000
0.000000
-12.000000
0.000000
0.000000
0.000000
0.000000
0.000000
0.000000
0.000000
-5.000000
0.000000
0.000000
0.000000
0.000000
0.000000
0.000000
0.000000
0.000000
0.000000
0.000000
0.000000
0.000000
0.000000
0.000000
0.000000
0.000000
0.000000
0.000000
0.000000
0.000000
0.000000
0.000000
0.000000
0.000000

4
3.300000
0.000000
0.000000
0.000000
20.000000
0.000000
0.000000
0.800000
-0.600000
0.000000
0.000000
-60.000000
0.000000
-40.000000
0.000000
0.000000
9.000000
180.000000
0.000000
9.000000
0.000000
0.000000
0.000000
0.000000
0.000000
0.000000
0.000000
0.000000
0.000000
0.000000
0.000000
-5.000000
0.000000
0.000000
0.000000
0.000000
0.000000
0.000000
0.000000
0.000000
0.000000
0.000000
0.000000
0.000000
0.000000
0.000000
0.000000
0.000000
0.000000
0.000000
0.000000
0.000000
0.000000
0.000000
0.000000
0.000000

5
3.600000
0.000000
0.000000
0.000000
20.000000
0.000000
0.000000
0.800000
-1.200000
0.000000
0.000000
-60.000000
0.000000
-40.000000
0.000000
0.000000
9.000000
0.000000
0.000000
9.000000
0.000000
0.000000
0.000000
0.000000
0.000000
0.000000
0.000000
0.000000
0.000000
0.000000
0.000000
-5.000000
0.000000
0.000000
0.000000
0.000000
0.000000
0.000000
0.000000
0.000000
0.000000
0.000000
0.000000
0.000000
0.000000
0.000000
0.000000
0.000000
0.000000
0.000000
0.000000
0.000000
0.000000
0.000000
0.000000
0.000000

6
4.000000
0.000000
0.000000
0.000000
20.000000
0.000000
0.000000
0.800000
-0.600000
0.000000
0.000000
-60.000000
0.000000
-40.000000
0.000000
0.000000
9.000000
180.000000
0.000000
9.000000
0.000000
0.000000
0.000000
0.000000
0.000000
0.000000
0.000000
0.000000
0.000000
0.000000
0.000000
-5.000000
0.000000
0.000000
0.000000
0.000000
0.000000
0.000000
0.000000
0.000000
0.000000
0.000000
0.000000
0.000000
0.000000
0.000000
0.000000
0.000000
0.000000
0.000000
0.000000
0.000000
0.000000
0.000000
0.000000
0.000000

7
4.400000
0.000000
0.000000
0.000000
20.000000
0.000000
0.000000
0.800000
-1.000000
0.000000
0.000000
-90.000000
0.000000
-40.000000
0.000000
0.000000
9.000000
0.000000
0.000000
9.000000
30.000000
0.000000
0.000000
0.000000
0.000000
0.000000
0.000000
0.000000
0.000000
0.000000
0.000000
-5.000000
0.000000
0.000000
0.000000
0.000000
0.000000
0.000000
0.000000
0.000000
0.000000
0.000000
0.000000
0.000000
0.000000
0.000000
0.000000
0.000000
0.000000
0.000000
0.000000
0.000000
0.000000
0.000000
0.000000
0.000000

8
5.400000
0.000000
0.000000
0.000000
10.000000
-60.000000
0.000000
0.800000
-1.000000
2.000000
0.000000
-150.000000
0.000000
0.000000
0.000000
0.000000
9.000000
0.000000
0.000000
9.000000
30.000000
0.000000
0.000000
0.000000
0.000000
0.000000
0.000000
0.000000
0.000000
0.000000
0.000000
0.000000
0.000000
10.000000
0.000000
0.000000
0.000000
0.000000
0.000000
0.000000
0.000000
0.000000
0.000000
0.000000
0.000000
0.000000
0.000000
0.000000
0.000000
0.000000
0.000000
0.000000
0.000000
0.000000
0.000000
0.000000

9
6.600000
0.000000
0.000000
0.000000
10.000000
-60.000000
0.000000
0.000000
-1.000000
0.000000
0.000000
-150.000000
0.000000
0.000000
0.000000
0.000000
9.000000
0.000000
0.000000
9.000000
0.000000
0.000000
0.000000
0.000000
45.000000
0.000000
0.000000
0.000000
0.000000
0.000000
0.000000
10.000000
0.000000
10.000000
0.000000
0.000000
0.000000
0.000000
0.000000
0.000000
0.000000
0.000000
0.000000
0.000000
0.000000
0.000000
0.000000
0.000000
0.000000
0.000000
0.000000
0.000000
0.000000
0.000000
0.000000
0.000000

10
7.600000
0.000000
0.000000
0.000000
10.000000
0.000000
0.000000
0.000000
1.000000
-2.000000
0.000000
-90.000000
0.000000
-40.000000
0.000000
0.000000
9.000000
0.000000
0.000000
9.000000
0.000000
45.000000
30.000000
0.000000
45.000000
0.000000
0.000000
0.000000
0.000000
0.000000
0.000000
-5.000000
0.000000
10.000000
0.000000
0.000000
0.000000
0.000000
0.000000
0.000000
0.000000
0.000000
0.000000
0.000000
0.000000
0.000000
0.000000
0.000000
0.000000
0.000000
0.000000
0.000000
0.000000
0.000000
0.000000
0.000000

11
8.600000
0.000000
0.000000
0.000000
0.000000
-45.000000
0.000000
0.000000
0.300000
-2.000000
13.000000
-90.000000
13.000000
20.000000
0.000000
0.000000
9.000000
0.000000
0.000000
9.000000
0.000000
-45.000000
-5.000000
0.000000
-90.000000
0.000000
0.000000
0.000000
0.000000
0.000000
0.000000
-5.000000
0.000000
10.000000
0.000000
0.000000
0.000000
0.000000
0.000000
0.000000
0.000000
0.000000
0.000000
0.000000
0.000000
0.000000
0.000000
0.000000
0.000000
0.000000
0.000000
0.000000
0.000000
0.000000
0.000000
-10.000000

12
9.600000
0.000000
0.000000
0.000000
0.000000
-20.000000
0.000000
0.000000
0.140000
-2.000000
20.000000
-90.000000
20.000000
40.000000
0.000000
0.000000
9.000000
0.000000
0.000000
9.000000
0.000000
-45.000000
-5.000000
0.000000
-90.000000
0.000000
0.000000
0.000000
0.000000
0.000000
0.000000
-5.000000
0.000000
10.000000
0.000000
0.000000
0.000000
0.000000
0.000000
0.000000
0.000000
0.000000
0.000000
0.000000
0.000000
0.000000
0.000000
0.000000
0.000000
0.000000
0.000000
0.000000
0.000000
0.000000
0.000000
-13.000000

13
11.000000
0.000000
0.000000
0.000000
0.000000
-20.000000
0.000000
0.000000
0.140000
-2.000000
20.000000
-90.000000
20.000000
40.000000
0.000000
0.000000
9.000000
120.000000
0.000000
9.000000
0.000000
0.000000
-5.000000
0.000000
0.000000
0.000000
0.000000
0.000000
0.000000
25.000000
0.000000
-1.000000
0.000000
2.000000
0.000000
60.000000
0.000000
0.000000
0.000000
0.000000
0.000000
0.000000
0.000000
0.000000
30.000000
0.000000
0.000000
-12.000000
0.000000
0.000000
0.000000
0.000000
0.000000
0.000000
0.000000
-13.000000

14
12.000000
0.000000
0.000000
0.000000
0.000000
-20.000000
0.000000
0.000000
0.140000
-2.000000
20.000000
-90.000000
20.000000
40.000000
0.000000
0.000000
9.000000
120.000000
0.000000
9.000000
0.000000
0.000000
-5.000000
0.000000
0.000000
0.000000
-0.100000
0.000000
0.000000
-10.000000
0.000000
0.500000
0.000000
2.000000
0.000000
90.000000
0.000000
30.000000
90.000000
0.000000
0.000000
0.000000
0.000000
0.000000
-10.000000
0.000000
0.000000
30.000000
0.000000
0.000000
-0.100000
0.000000
0.000000
0.000000
0.000000
-13.000000

15
14.000000
0.000000
0.000000
0.000000
0.000000
30.000000
0.000000
0.000000
-0.500000
0.500000
20.000000
-90.000000
20.000000
20.000000
0.000000
0.000000
9.000000
30.000000
0.000000
9.000000
0.000000
0.000000
-5.000000
0.000000
0.000000
0.000000
-0.100000
0.000000
0.000000
-10.000000
0.000000
0.500000
0.000000
2.000000
0.000000
90.000000
0.000000
30.000000
20.000000
0.000000
9.000000
0.000000
0.000000
0.000000
-10.000000
0.000000
0.000000
30.000000
0.000000
0.000000
0.000000
0.000000
0.000000
0.000000
0.000000
-13.000000

16
15.000000
0.000000
-0.800000
0.000000
0.000000
45.000000
0.000000
0.000000
-0.500000
0.500000
20.000000
-90.000000
20.000000
20.000000
0.000000
0.000000
45.000000
0.000000
0.000000
9.000000
0.000000
0.000000
0.000000
0.000000
0.000000
0.000000
0.000000
0.000000
0.000000
-10.000000
0.000000
0.500000
0.000000
2.000000
0.000000
120.000000
0.000000
30.000000
0.000000
0.000000
9.000000
0.000000
0.000000
0.000000
0.000000
0.000000
0.000000
0.000000
0.000000
0.000000
0.000000
0.000000
0.000000
0.000000
0.000000
-13.000000

17
15.300000
0.000000
-0.800000
0.000000
0.000000
45.000000
0.000000
0.000000
0.500000
0.500000
20.000000
-90.000000
20.000000
20.000000
180.000000
0.000000
9.000000
180.000000
0.000000
9.000000
0.000000
0.000000
0.000000
0.000000
0.000000
0.000000
0.000000
0.000000
0.000000
-0.000000
0.000000
0.500000
0.000000
2.000000
0.000000
120.000000
0.000000
30.000000
0.000000
0.000000
9.000000
0.000000
0.000000
0.000000
0.000000
0.000000
0.000000
0.000000
0.000000
0.000000
0.000000
0.000000
0.000000
0.000000
0.000000
-13.000000

18
15.600000
0.000000
-0.800000
0.000000
0.000000
45.000000
0.000000
0.000000
-0.500000
0.500000
20.000000
-90.000000
20.000000
20.000000
0.000000
0.000000
9.000000
0.000000
0.000000
9.000000
0.000000
0.000000
0.000000
0.000000
0.000000
0.000000
0.000000
0.000000
0.000000
-0.000000
0.000000
0.500000
0.000000
2.000000
0.000000
120.000000
0.000000
30.000000
0.000000
0.000000
9.000000
0.000000
0.000000
0.000000
-10.000000
0.000000
0.000000
30.000000
0.000000
0.000000
0.000000
0.000000
0.000000
0.000000
0.000000
-13.000000

19
16.000000
0.000000
-0.800000
0.000000
0.000000
10.000000
0.000000
0.000000
0.500000
0.500000
20.000000
-90.000000
20.000000
20.000000
180.000000
0.000000
9.000000
180.000000
0.000000
9.000000
0.000000
0.000000
0.000000
0.000000
0.000000
0.000000
0.000000
0.000000
0.000000
-0.000000
0.000000
0.500000
0.000000
2.000000
0.000000
120.000000
0.000000
30.000000
0.000000
0.000000
9.000000
90.000000
0.000000
0.000000
-10.000000
0.000000
0.000000
30.000000
0.000000
0.000000
0.000000
25.000000
0.000000
0.000000
0.000000
-13.000000

20
17.500000
0.000000
-0.800000
0.000000
0.000000
10.000000
0.000000
0.000000
0.010000
-2.000000
20.000000
-90.000000
20.000000
20.000000
0.000000
0.000000
9.000000
0.000000
0.000000
9.000000
0.000000
0.000000
0.000000
0.000000
0.000000
0.000000
0.000000
0.000000
0.000000
-0.000000
0.000000
0.000000
1.900000
-2.000000
0.000000
90.000000
0.000000
10.000000
0.000000
0.000000
9.000000
0.000000
0.000000
0.000000
-10.000000
0.000000
0.000000
30.000000
0.000000
0.000000
0.000000
0.000000
0.000000
0.000000
0.000000
-13.000000

21
18.500000
0.000000
-0.800000
0.000000
0.000000
10.000000
0.000000
0.000000
0.900000
-2.000000
20.000000
-90.000000
20.000000
20.000000
0.000000
0.000000
9.000000
0.000000
0.000000
9.000000
0.000000
0.000000
0.000000
0.000000
0.000000
0.000000
0.000000
0.000000
0.000000
-0.000000
0.000000
0.000000
0.900000
-2.000000
0.000000
90.000000
0.000000
10.000000
0.000000
0.000000
9.000000
0.000000
0.000000
0.000000
-10.000000
0.000000
0.000000
30.000000
0.000000
0.000000
0.000000
0.000000
0.000000
0.000000
0.000000
0.000000

22
20.000000
0.000000
-0.800000
0.000000
0.000000
10.000000
0.000000
0.000000
1.900000
-2.000000
20.000000
-90.000000
20.000000
20.000000
0.000000
0.000000
9.000000
0.000000
0.000000
9.000000
0.000000
0.000000
0.000000
0.000000
0.000000
0.000000
0.000000
0.000000
0.000000
-0.000000
0.000000
0.000000
0.100000
-2.000000
0.000000
90.000000
0.000000
10.000000
0.000000
0.000000
9.000000
0.000000
0.000000
0.000000
-10.000000
0.000000
0.000000
30.000000
0.000000
0.000000
0.000000
0.000000
0.000000
0.000000
0.000000
13.000000

23
22.500000
0.000000
-0.800000
0.000000
10.000000
10.000000
0.000000
0.000000
0.000000
-2.000000
20.000000
-90.000000
20.000000
20.000000
0.000000
0.000000
9.000000
0.000000
0.000000
9.000000
0.000000
0.000000
0.000000
0.000000
0.000000
0.000000
0.000000
0.000000
0.000000
-0.000000
0.000000
0.000000
1.900000
-2.000000
0.000000
90.000000
0.000000
10.000000
0.000000
0.000000
9.000000
0.000000
0.000000
0.000000
-10.000000
0.000000
0.000000
30.000000
0.000000
0.000000
0.000000
0.000000
0.000000
0.000000
0.000000
-13.000000

24
24.000000
-0.500000
-0.500000
0.000000
10.000000
0.000000
0.000000
0.000000
1.900000
-2.000000
20.000000
-90.000000
20.000000
20.000000
0.000000
0.000000
9.000000
0.000000
0.000000
9.000000
0.000000
0.000000
0.000000
0.000000
0.000000
0.000000
0.000000
0.000000
0.000000
-0.000000
0.000000
0.000000
0.000000
-2.000000
0.000000
90.000000
0.000000
10.000000
0.000000
0.000000
9.000000
0.000000
0.000000
0.000000
-10.000000
0.000000
0.000000
30.000000
0.000000
0.000000
0.000000
0.000000
0.000000
0.000000
0.000000
13.000000

25
25.500000
-0.500000
-0.500000
0.000000
10.000000
0.000000
0.000000
0.000000
0.000000
-2.000000
20.000000
-90.000000
20.000000
20.000000
0.000000
0.000000
9.000000
180.000000
13.000000
9.000000
0.000000
0.000000
0.000000
0.000000
0.000000
0.000000
0.000000
0.000000
0.000000
-0.000000
0.000000
0.000000
1.900000
-2.000000
0.000000
90.000000
0.000000
10.000000
0.000000
0.000000
9.000000
0.000000
0.000000
0.000000
-10.000000
0.000000
0.000000
30.000000
0.000000
0.000000
0.000000
0.000000
0.000000
0.000000
0.000000
-13.000000

26
27.000000
-0.500000
-0.500000
0.000000
10.000000
0.000000
0.000000
0.000000
1.900000
-2.000000
20.000000
-90.000000
20.000000
20.000000
0.000000
0.000000
9.000000
0.000000
13.000000
9.000000
0.000000
0.000000
0.000000
0.000000
0.000000
0.000000
0.000000
0.000000
0.000000
-0.000000
0.000000
0.000000
0.000000
-2.000000
0.000000
90.000000
0.000000
10.000000
90.000000
0.000000
9.000000
90.000000
0.000000
0.000000
-10.000000
0.000000
0.000000
30.000000
0.000000
0.000000
0.000000
0.000000
0.000000
0.000000
0.000000
13.000000

27
28.000000
-0.500000
-0.500000
0.000000
10.000000
0.000000
0.000000
0.000000
0.000000
-2.000000
20.000000
-90.000000
20.000000
20.000000
0.000000
0.000000
9.000000
0.000000
13.000000
9.000000
0.000000
0.000000
0.000000
0.000000
0.000000
0.000000
0.000000
0.000000
0.000000
-0.000000
0.000000
0.000000
2.800000
-2.000000
0.000000
90.000000
0.000000
10.000000
0.000000
0.000000
9.000000
30.000000
0.000000
0.000000
-10.000000
0.000000
0.000000
30.000000
0.000000
0.000000
0.000000
0.000000
0.000000
0.000000
0.000000
-13.000000

28
29.000000
-0.500000
-0.500000
0.000000
10.000000
0.000000
0.000000
0.000000
3.000000
-2.000000
20.000000
-90.000000
20.000000
20.000000
180.000000
0.000000
9.000000
180.000000
13.000000
9.000000
0.000000
0.000000
0.000000
0.000000
0.000000
0.000000
0.000000
0.000000
0.000000
-0.000000
0.000000
0.000000
0.000000
-2.000000
0.000000
90.000000
0.000000
10.000000
0.000000
30.000000
9.000000
0.000000
-0.000000
0.000000
-10.000000
0.000000
0.000000
30.000000
0.000000
0.000000
0.000000
0.000000
0.000000
0.000000
0.000000
13.000000

29
30.000000
-0.500000
-0.500000
0.000000
10.000000
0.000000
0.000000
0.000000
0.000000
-2.000000
20.000000
-90.000000
20.000000
20.000000
180.000000
0.000000
9.000000
180.000000
13.000000
9.000000
0.000000
0.000000
0.000000
0.000000
0.000000
0.000000
0.000000
0.000000
0.000000
-0.000000
0.000000
0.000000
3.100000
-2.000000
0.000000
60.000000
0.000000
10.000000
90.000000
10.000000
9.000000
90.000000
-0.000000
0.000000
30.000000
0.000000
0.000000
-30.000000
0.000000
0.000000
-0.100000
0.000000
0.000000
0.000000
0.000000
-13.000000

30
31.000000
-0.500000
-0.500000
0.000000
10.000000
0.000000
0.000000
0.000000
1.900000
-2.000000
20.000000
-90.000000
20.000000
20.000000
0.000000
0.000000
9.000000
0.000000
0.000000
9.000000
0.000000
0.000000
0.000000
0.000000
0.000000
0.000000
0.000000
0.000000
0.000000
-0.000000
0.000000
0.000000
0.200000
-2.000000
0.000000
85.000000
0.000000
10.000000
0.000000
0.000000
9.000000
0.000000
-0.000000
90.000000
30.000000
0.000000
0.000000
-30.000000
0.000000
0.000000
0.000000
0.000000
0.000000
0.000000
0.000000
13.000000

31
32.000000
-0.500000
-0.500000
0.000000
10.000000
0.000000
0.000000
0.000000
0.000000
-2.000000
20.000000
-90.000000
20.000000
20.000000
0.000000
0.000000
9.000000
0.000000
0.000000
9.000000
0.000000
0.000000
0.000000
0.000000
0.000000
0.000000
0.000000
0.000000
0.000000
-0.000000
0.000000
0.000000
2.000000
-2.000000
0.000000
90.000000
10.000000
10.000000
0.000000
0.000000
9.000000
0.000000
-0.000000
90.000000
30.000000
0.000000
0.000000
-30.000000
0.000000
0.000000
0.000000
0.000000
0.000000
0.000000
0.000000
-13.000000

32
32.299999
-0.500000
-0.500000
0.000000
10.000000
0.000000
0.000000
0.000000
0.600000
-2.000000
0.000000
-60.000000
0.000000
20.000000
120.000000
0.000000
9.000000
120.000000
0.000000
9.000000
0.000000
0.000000
0.000000
0.000000
0.000000
0.000000
-0.100000
0.000000
0.000000
-0.000000
0.000000
0.000000
1.600000
-1.300000
0.000000
85.000000
30.000000
10.000000
0.000000
0.000000
9.000000
0.000000
-0.000000
90.000000
30.000000
0.000000
0.000000
-30.000000
0.000000
0.000000
0.000000
0.000000
0.000000
0.000000
0.000000
-8.000000

33
32.799999
-0.500000
-0.500000
0.000000
10.000000
0.000000
0.000000
0.000000
0.600000
-1.000000
0.000000
-30.000000
0.000000
0.000000
0.000000
0.000000
9.000000
0.000000
0.000000
9.000000
30.000000
0.000000
0.000000
-20.000000
0.000000
0.000000
-0.100000
0.000000
0.000000
-0.000000
0.000000
0.000000
-1.000000
-1.500000
0.000000
85.000000
30.000000
10.000000
0.000000
0.000000
9.000000
0.000000
-0.000000
90.000000
30.000000
0.000000
0.000000
-30.000000
0.000000
0.000000
0.000000
0.000000
0.000000
0.000000
0.000000
-8.000000

34
33.000000
-0.500000
-0.500000
0.000000
10.000000
0.000000
0.000000
0.000000
-0.500000
0.000000
0.000000
-85.000000
0.000000
0.000000
0.000000
0.000000
9.000000
0.000000
0.000000
9.000000
-30.000000
0.000000
0.000000
20.000000
0.000000
0.000000
-0.100000
0.000000
0.000000
-0.000000
0.000000
0.000000
-1.000000
0.500000
0.000000
120.000000
90.000000
10.000000
90.000000
0.000000
9.000000
0.000000
-0.000000
90.000000
30.000000
0.000000
0.000000
-30.000000
0.000000
0.000000
0.000000
0.000000
0.000000
0.000000
0.000000
-8.000000

35
34.000000
-0.500000
-0.500000
0.000000
10.000000
0.000000
0.000000
-2.000000
-0.500000
0.000000
0.000000
-85.000000
0.000000
0.000000
0.000000
0.000000
9.000000
20.000000
0.000000
9.000000
30.000000
0.000000
0.000000
-30.000000
0.000000
0.000000
0.000000
0.000000
0.000000
-0.000000
0.000000
0.000000
-1.000000
0.500000
0.000000
120.000000
90.000000
10.000000
90.000000
0.000000
9.000000
0.000000
-0.000000
90.000000
30.000000
0.000000
0.000000
-30.000000
0.000000
0.000000
0.000000
0.000000
0.000000
0.000000
0.000000
-8.000000

36
35.000000
-0.500000
-0.500000
0.000000
10.000000
0.000000
0.000000
-5.000000
-0.500000
1.000000
0.000000
-85.000000
0.000000
0.000000
0.000000
0.000000
9.000000
120.000000
0.000000
9.000000
-30.000000
0.000000
0.000000
30.000000
0.000000
0.000000
0.000000
0.000000
0.000000
-0.000000
0.000000
0.000000
-1.000000
0.500000
0.000000
90.000000
0.000000
10.000000
0.000000
0.000000
9.000000
0.000000
-0.000000
90.000000
30.000000
0.000000
0.000000
-30.000000
0.000000
0.000000
0.000000
0.000000
0.000000
0.000000
0.000000
-8.000000

37
36.000000
2.000000
0.000000
2.000000
10.000000
30.000000
0.000000
-5.000000
-0.500000
1.000000
0.000000
-85.000000
0.000000
0.000000
90.000000
-13.000000
45.000000
90.000000
13.000000
45.000000
-30.000000
0.000000
0.000000
30.000000
0.000000
0.000000
0.000000
0.000000
0.000000
-0.000000
0.000000
1.000000
-1.000000
0.000000
0.000000
90.000000
0.000000
10.000000
90.000000
0.000000
9.000000
90.000000
-0.000000
90.000000
30.000000
0.000000
0.000000
-30.000000
0.000000
0.000000
0.000000
0.000000
0.000000
0.000000
0.000000
-8.000000

38
36.500000
2.000000
0.000000
2.000000
10.000000
30.000000
0.000000
-5.000000
-0.500000
1.000000
0.000000
-85.000000
0.000000
0.000000
90.000000
-13.000000
45.000000
90.000000
13.000000
45.000000
-30.000000
0.000000
0.000000
30.000000
0.000000
0.000000
0.000000
0.000000
0.000000
-0.000000
0.000000
2.000000
-1.000000
1.000000
0.000000
90.000000
0.000000
10.000000
90.000000
0.000000
9.000000
90.000000
-0.000000
90.000000
30.000000
0.000000
0.000000
-30.000000
0.000000
0.000000
0.000000
0.000000
0.000000
0.000000
0.000000
-8.000000

39
38.500000
2.000000
0.000000
0.000000
10.000000
-10.000000
0.000000
-5.000000
-0.500000
1.000000
0.000000
-85.000000
0.000000
0.000000
0.000000
0.000000
9.000000
180.000000
-13.000000
9.000000
-30.000000
0.000000
0.000000
30.000000
0.000000
0.000000
0.000000
0.000000
0.000000
-0.000000
0.000000
0.000000
-1.000000
1.000000
0.000000
90.000000
0.000000
10.000000
90.000000
-12.000000
9.000000
0.000000
0.000000
9.000000
30.000000
0.000000
0.000000
-30.000000
0.000000
0.000000
0.000000
0.000000
0.000000
0.000000
0.000000
-8.000000

40
39.000000
2.000000
0.000000
0.000000
10.000000
-10.000000
0.000000
-5.000000
-0.500000
1.000000
0.000000
-85.000000
0.000000
0.000000
0.000000
0.000000
9.000000
180.000000
13.000000
9.000000
-30.000000
0.000000
0.000000
30.000000
0.000000
0.000000
0.000000
0.000000
0.000000
-0.000000
0.000000
0.000000
-1.000000
1.000000
0.000000
90.000000
0.000000
10.000000
90.000000
12.000000
9.000000
0.000000
0.000000
9.000000
30.000000
0.000000
0.000000
-30.000000
0.000000
0.000000
0.000000
0.000000
0.000000
0.000000
0.000000
-8.000000

41
39.500000
2.000000
0.000000
0.000000
10.000000
-10.000000
0.000000
-5.000000
-0.500000
1.000000
0.000000
-85.000000
0.000000
0.000000
0.000000
0.000000
9.000000
180.000000
-13.000000
9.000000
-30.000000
0.000000
0.000000
30.000000
0.000000
0.000000
0.000000
0.000000
0.000000
-0.000000
0.000000
0.000000
-1.000000
1.000000
0.000000
90.000000
0.000000
10.000000
90.000000
-45.000000
9.000000
0.000000
0.000000
9.000000
30.000000
0.000000
0.000000
-30.000000
0.000000
0.000000
0.000000
0.000000
0.000000
0.000000
0.000000
-8.000000

42
40.000000
2.000000
0.000000
0.000000
10.000000
-10.000000
0.000000
-5.000000
-0.500000
1.000000
0.000000
-85.000000
0.000000
0.000000
0.000000
0.000000
9.000000
180.000000
0.000000
9.000000
-30.000000
0.000000
0.000000
30.000000
0.000000
0.000000
0.000000
0.000000
0.000000
-0.000000
0.000000
0.000000
-1.000000
1.000000
0.000000
90.000000
0.000000
10.000000
90.000000
-0.000000
9.000000
0.000000
0.000000
9.000000
30.000000
0.000000
0.000000
-30.000000
0.000000
0.000000
0.000000
0.000000
0.000000
0.000000
0.000000
-8.000000

43
40.500000
2.000000
0.000000
0.000000
10.000000
-10.000000
0.000000
-5.000000
-0.500000
1.000000
0.000000
-85.000000
0.000000
0.000000
0.000000
0.000000
9.000000
0.000000
0.000000
9.000000
-30.000000
0.000000
0.000000
30.000000
0.000000
0.000000
0.000000
0.000000
0.000000
-0.000000
0.000000
0.000000
-1.000000
1.000000
0.000000
90.000000
0.000000
10.000000
0.000000
12.000000
9.000000
0.000000
0.000000
9.000000
30.000000
0.000000
0.000000
-30.000000
0.000000
0.000000
0.000000
0.000000
0.000000
0.000000
0.000000
-8.000000

44
41.000000
2.000000
0.000000
0.000000
10.000000
-10.000000
0.000000
-5.000000
-0.500000
1.000000
0.000000
30.000000
0.000000
0.000000
0.000000
0.000000
9.000000
0.000000
0.000000
9.000000
-30.000000
0.000000
0.000000
30.000000
0.000000
0.000000
0.000000
0.000000
0.000000
-0.000000
0.000000
0.000000
-1.000000
1.000000
0.000000
-30.000000
0.000000
10.000000
0.000000
12.000000
9.000000
0.000000
0.000000
9.000000
30.000000
0.000000
0.000000
-30.000000
0.000000
0.000000
0.000000
0.000000
0.000000
0.000000
0.000000
-8.000000

45
42.000000
2.000000
0.000000
0.000000
10.000000
-10.000000
0.000000
-3.000000
-0.500000
1.000000
0.000000
30.000000
0.000000
0.000000
0.000000
0.000000
9.000000
0.000000
0.000000
9.000000
30.000000
0.000000
0.000000
-30.000000
0.000000
0.000000
0.000000
0.000000
0.000000
-0.000000
0.000000
-2.000000
-1.000000
1.000000
0.000000
-30.000000
0.000000
10.000000
0.000000
12.000000
9.000000
0.000000
0.000000
9.000000
30.000000
0.000000
0.000000
-20.000000
0.000000
0.000000
0.000000
0.000000
0.000000
0.000000
0.000000
-8.000000

46
43.000000
2.000000
0.000000
-3.000000
10.000000
0.000000
0.000000
-1.000000
-0.500000
1.000000
0.000000
30.000000
0.000000
0.000000
0.000000
0.000000
9.000000
0.000000
0.000000
9.000000
-30.000000
0.000000
0.000000
30.000000
0.000000
0.000000
0.000000
0.000000
0.000000
-0.000000
0.000000
-3.000000
-1.000000
1.000000
0.000000
-30.000000
0.000000
10.000000
0.000000
12.000000
9.000000
0.000000
0.000000
9.000000
-30.000000
0.000000
0.000000
20.000000
0.000000
0.000000
0.000000
0.000000
0.000000
0.000000
0.000000
-8.000000

47
44.000000
2.000000
0.000000
-3.000000
10.000000
0.000000
0.000000
2.000000
-0.500000
1.000000
0.000000
30.000000
0.000000
0.000000
0.000000
0.000000
9.000000
0.000000
0.000000
9.000000
30.000000
0.000000
0.000000
-30.000000
0.000000
0.000000
0.000000
0.000000
0.000000
-0.000000
0.000000
-5.000000
-1.000000
1.000000
0.000000
-30.000000
0.000000
10.000000
0.000000
12.000000
9.000000
0.000000
0.000000
9.000000
30.000000
0.000000
0.000000
-20.000000
0.000000
0.000000
0.000000
0.000000
0.000000
0.000000
0.000000
-8.000000

48
45.000000
2.000000
0.000000
-3.000000
10.000000
0.000000
0.000000
5.000000
-0.500000
1.000000
0.000000
30.000000
0.000000
0.000000
0.000000
0.000000
9.000000
0.000000
0.000000
9.000000
30.000000
0.000000
0.000000
-30.000000
0.000000
0.000000
0.000000
0.000000
0.000000
-0.000000
0.000000
-10.000000
-1.000000
1.000000
0.000000
-30.000000
0.000000
10.000000
0.000000
12.000000
9.000000
0.000000
0.000000
9.000000
30.000000
0.000000
0.000000
-20.000000
0.000000
0.000000
0.000000
0.000000
0.000000
0.000000
0.000000
-8.000000

